-6.952760266352159491e+00
-9.426660566399709396e-01
7.033207310656869105e+00
5.156717347097580451e+00
5.220286647136352265e+00
6.586826069960992847e+00
8.023462706592887628e-02
-3.522814945646139506e+00
-8.534727477418552866e+00
-6.999903524444961889e+00
-1.099839381528566751e+00
-2.459195977839339076e+00
-4.392179526642784992e+00
-1.502939316444210416e+00
-9.594115673553183399e+00
-4.561614161241933196e+00
4.680787733225546532e+00
-6.618195697290534696e+00
8.852804185192924891e+00
8.234302423043475372e+00
1.153326768161668525e+01
3.777153400487224033e+00
8.579363495401269191e+00
6.688214490733972895e+00
7.931243437038334676e+00
7.303641867567556289e+00
-3.636004583908490240e+00
1.858385157697303836e+00
4.126092584759837756e+00
-4.973385138959837803e+00
-2.313511739353049990e+00
-1.259417439463436139e+01
-1.326431355567803294e+01
-4.597639789951420752e+00
-3.061681003280166014e+00
3.838532449906233879e+00
-1.142372959796859355e+01
-6.905055694897971108e+00
2.381441179251173601e-01
-2.153378603950545145e+00
1.078297784310177310e+00
4.991301732939705360e+00
2.917033264153377381e+00
-6.208038895299945459e-01
-6.913227766285077180e+00
-1.696339889416785596e+00
-6.872381258991970832e-01
-2.306103887581443246e+00
9.014157221330937331e-01
-7.108660927731589307e-01
-4.444009420224855234e+00
-5.478604723831564272e+00
-7.064392864889974533e-01
3.920392429545912272e+00
2.688901749615234316e+00
4.499111552111062728e+00
4.767174965645344820e+00
5.473068305698453706e+00
4.072092548799045808e+00
7.093503591541443498e+00
1.106559908518982915e+01
1.407013283367556866e+01
1.552319057978439254e+01
6.354871414769026394e+00
9.403302890103388378e+00
1.131428992953892632e+01
3.695586681714745581e+00
2.486418679759940353e+00
-6.103415726815425657e+00
-1.095039227392160086e+01
-8.291310197623118938e+00
-6.771008920218516636e+00
-1.507509130278914000e+01
-5.934007868435974942e+00
-1.803322794311225774e+00
-2.128603961677537626e+00
2.289742996399375841e+00
1.098285827758140432e+00
1.581473680872687027e+00
-7.181978583129563276e+00
-4.377780865560981560e+00
-1.052058427393544626e+01
-9.634720344828295424e+00
-6.110136251429146625e+00
-1.027533038884052097e+01
-8.910986361677089462e+00
-2.693631110371496717e+00
-7.626082718813504968e-01
-2.659905095768878347e+00
-2.533807592220487237e+00
2.228105186483626543e+00
-3.500481685122867503e+00
-4.525725290191186190e+00
3.135390288818800997e+00
-5.125332310178870365e+00
-6.565001150963787779e+00
-3.007817327179379774e+00
-4.544437646197489578e+00
-4.977310228796010705e+00
-1.789473608213109301e+00
8.368027447276524811e+00
1.138124997678685446e+01
1.236265761888486381e+01
2.449977405720966672e+00
6.079665847649677879e+00
9.995078779961964699e+00
9.592632177484087919e+00
5.133146196760455915e+00
3.531227768163336833e+00
1.023690114728688449e+01
1.369343475949950673e+01
1.022599083649988927e+01
1.794590086486293146e+01
1.696803465127171151e+01
8.688231074051529390e+00
1.159055729120160372e+01
6.188250866806400907e+00
7.173409050754406380e+00
5.006901978984819479e+00
1.525995040137797965e+00
-2.939936660515875211e+00
-3.031637350614266424e+00
-8.235465704153579480e+00
-1.232108190146587745e+01
-5.168931003088546916e+00
-6.639031024666888214e+00
-8.175639330722468401e+00
-6.925206756511733452e+00
-3.885890991050373611e+00
-1.045651034906701682e+01
-5.217746963087215306e+00
-5.356065541032640098e+00
-6.338884740572479970e+00
-4.299527895622818896e+00
-8.367112105258922128e+00
-1.223171334078187300e+01
-1.410686150588747267e+01
-1.278029414112354978e+01
-1.471568909706821948e+01
-5.179341171346928618e+00
-3.123446064410553724e+00
-5.847379436617539561e+00
-1.790482389307177957e+00
-1.134070212471785855e+00
-3.691770690745142858e+00
-2.771646003568974059e+00
-8.040358641724644428e+00
-5.191969097870273941e+00
-6.275928605776764257e+00
-1.096847133772730132e+00
8.423393844284870369e+00
-3.699384887712009906e+00
6.462987037495366849e+00
1.229334171000699882e+01
3.099553296302792749e+00
3.430018392145353978e+00
4.733730174136522528e+00
7.127827394216927459e+00
3.849503034515988187e+00
-9.737794488448443531e-01
1.033405906419256581e+01
1.396369505449270676e+01
1.347333053568419103e+01
1.575830653796589864e+01
1.130490615515900465e+01
1.151833234277624740e+00
6.378455822252929508e+00
2.151570017862049600e+00
5.113155888768053714e+00
7.576302592761635424e+00
6.975344965668497821e+00
5.711541880477335908e+00
6.755962313608697478e+00
8.160498960123547363e+00
6.518766172269189418e+00
3.240776846516747689e+00
-7.677518436813359770e-01
-2.961185655919826853e+00
-3.625110986971742832e+00
-4.963654905322171018e+00
-3.111366228364393027e+00
-8.167959643748108789e+00
-3.600824169232895056e+00
-1.446388380793615536e+00
-1.117299622483616339e+01
-3.150331815756778120e+00
-6.189768469125509043e+00
-1.145772063835099885e+01
-1.627767643548740750e+01
-1.517140684712761178e+01
-1.081270947210700939e+01
-5.432158089829847825e+00
-3.934174052239734820e+00
3.038912358987028384e+00
8.747384517818890259e+00
8.085004454020474185e+00
1.334306024681580993e+00
2.554269818314208518e+00
2.100562141218333956e+00
4.787147237508047937e+00
4.975795199959008208e+00
2.105374076985810916e+00
1.164223756627743889e+01
1.122733636131523127e+01
6.472024861364225501e+00
1.295108622707974888e+00
-2.534748029675456760e+00
-5.768582175565851955e+00
-8.691836131356657447e+00
-8.822499465418779607e+00
-7.063663550065770735e-01
-2.573150541529775737e+00
3.690315090107355367e+00
-1.698279867832029000e+00
-1.185833590878512744e+01
-7.998111472558043999e+00
-1.015908497863937399e+01
-9.124926125777140129e+00
-1.140196362292208043e+01
-2.703355256380650218e+00
-1.035390255799150339e+00
6.665539913087908275e+00
5.919548643075670746e+00
7.940990218295672420e+00
-1.636753041420858423e+00
2.470410837554136485e+00
-1.652281796467874209e+00
-5.006476364963416081e+00
-9.247681308821842805e+00
-1.357371070103868860e+01
-6.898091445587706261e+00
-6.755728967593491063e+00
-4.307845032774164196e+00
3.529906711544085418e+00
2.930194869600890151e+00
6.002278294353908805e+00
5.609182532208723870e+00
7.139516322903469714e-01
-1.619216097408604949e+00
7.768574151529489491e+00
1.071792603737301519e+01
1.080978426525440028e+01
7.373096214639867085e+00
1.473078998139911988e+01
1.211120034735212769e+01
1.282365217843416261e+01
1.447738254110537426e+01
1.212836999995360898e+01
1.807823176537986143e+01
1.184127766456477104e+01
4.565050114884307675e+00
4.516466243705411721e+00
-2.560549550408288688e+00
9.360184917449085873e-01
-3.083678095442433875e+00
-4.060328266200069258e+00
-1.306921629882375768e+01
-9.567192065389365396e+00
-5.767037310540689354e+00
-5.959385516334664068e+00
-1.516831262498934407e+00
-6.739949686481699231e+00
-6.743416272823516522e+00
-1.296694983018755742e-01
-1.614118862023866674e+00
6.924872538982379311e+00
4.226465840959865439e+00
2.636011845453861469e+00
3.851305247089772621e+00
6.879943654089570870e-02
-1.148580379036595822e+00
-9.487933808411522563e+00
-7.768964124416847028e+00
-4.293275672108883612e+00
-6.236606790264284328e+00
-7.689931017893055554e+00
-9.792903997689574425e+00
-1.130161043341738036e+01
-1.493333203778366958e+01
-1.214518596203582135e+01
-9.085614270171859630e+00
-1.161419382372148768e+01
-4.320478657671458222e-01
-5.704600750798509701e+00
-1.352001469603609785e+00
5.248834279840932204e+00
6.142447755627467032e+00
8.719220605825661607e+00
9.284923637432344279e+00
5.058960026313411795e+00
7.451781701287947257e+00
3.639433931347160645e+00
2.605390909659933918e+00
5.817332296845700856e-01
-2.654182344436099683e+00
1.038097481365567010e+00
-5.602192789192355082e-01
-5.442660822110398922e-01
5.372042791187071620e-01
-8.573521906154756289e-01
2.574834046294544709e+00
1.675996366200291021e+00
4.580072306490144740e+00
1.152861181096267806e+01
-8.776164608423840718e+00
-1.280097389256737550e+00
3.753202792027310775e+00
4.161050433937519166e+00
1.035940252462670230e+01
1.189684035288703967e+01
1.624910043384630143e+01
1.026105942776889179e+01
3.121646583229001237e+00
-2.379255751172596689e+00
-1.722491224062903115e+00
2.022349141859050459e+00
-3.502386320691778021e+00
-1.288901654462520341e+01
-8.518985565427463769e+00
-8.214917689663675304e+00
-6.948450336752133971e+00
-1.190022945713169378e+01
-6.313724122634178038e+00
-9.079489807744225871e+00
-2.787131972855185325e+00
-1.038483242334491763e+01
4.316032683068174336e+00
1.221260325102893063e+01
1.066652663132596146e+01
7.323059905371729350e+00
1.184363099280441745e+01
9.959148866163554104e+00
1.055081389160550209e+01
9.450046690714579256e+00
7.691614068214432720e+00
1.936848187123622722e+00
-1.444578990795220008e+00
-6.159268600680523065e+00
-1.297143865098486515e+01
-1.582063433982208167e+01
-1.543549143756789910e+01
-1.406672344281634501e+01
-6.247396991299962288e+00
-5.299845404407343530e+00
-1.503279457176721046e+01
-8.389799152899502843e+00
-1.047924599389077649e+01
-3.793196671636613004e+00
1.977208806385964301e+00
5.325248456128123919e+00
9.519354675067132732e+00
1.254280396347981785e+01
1.688986204528621471e+01
1.850766676512177611e+01
1.370017146500625138e+01
1.551644923677370080e+01
1.198646804184716252e+01
3.447058496548102369e+00
-3.844367552574667890e+00
-5.908287603909354146e+00
-2.354281820179449980e+00
-1.789648086399919791e-01
-1.566616851487965434e+01
-5.196424025672985447e-02
1.009172624253208861e+00
1.429244839552185731e+00
7.444634000737431201e-01
-3.406009456857305384e+00
-1.014972337975866168e+00
-2.608408864556828188e-01
-4.498514826722490589e+00
-4.228673631363538021e+00
-1.082550715080739412e+00
5.129933228652188149e+00
4.103563061960162628e+00
2.811704259902445990e+00
1.718213786807919252e+00
3.043744640752445996e+00
6.009156184147501634e-01
-9.441941457073484756e+00
-8.821301580924096442e+00
-5.850738604981364333e+00
-2.721955579711995643e+00
-3.627955218500422685e-01
-5.115407668988414258e+00
-5.401420563124770702e+00
-3.011974255442803283e+00
4.930986627650637999e+00
4.334728787463911104e+00
5.392562583320246183e+00
2.246492300594410185e+00
-6.662561309515414365e+00
-4.775976534100218274e+00
2.252211660107144908e+00
4.273842386030444196e+00
4.192961780492504786e+00
5.068163968901679084e+00
5.203315704129700237e+00
6.696180740569675827e+00
7.062368185130982745e+00
5.686421930235455946e+00
-3.692112249837565585e+00
-3.058982251581516820e-01
-9.566253018587749679e+00
-1.096139986462183558e+01
-7.477437585280384269e+00
-8.165483653973732103e+00
-6.625109165745257656e+00
-1.270947061591122917e+01
-9.493865530182898027e+00
-5.201905796659609393e-01
2.719973884885732218e+00
-5.712359877312541689e-01
-2.110715313293326290e+00
-1.112366114255436411e+00
3.974139643304124281e+00
4.943224112550781868e+00
5.945123237634603264e+00
3.901243855943320682e+00
1.237727275852867237e+00
2.500151681156084660e+00
8.220774634715621865e-01
2.668151592012014683e-01
-7.064950710111550514e-01
-9.283567162286216146e+00
-5.393317319975023949e+00
-9.129229456108010510e+00
-7.189070021546983824e+00
2.007993118129439480e+00
3.090024192359604793e+00
8.959463931679312765e+00
1.170123693932180053e+01
8.163467752425425772e+00
8.379517170304978890e+00
6.148683383929681945e+00
4.627092103192344652e+00
4.483234589572353102e+00
1.135512024270338571e+01
1.788071254754183315e+01
8.025363611226829619e+00
1.330650781300364649e+01
1.213883105161600184e+01
9.745958080211648777e+00
9.377259036879340925e+00
2.328250047722770333e+00
1.549682217468014933e+00
-2.717024939627566305e+00
-1.171923896843179946e+01
-6.494274235515576699e+00
-9.841557779022560126e+00
-8.553154695099081550e+00
-9.222655200661465713e+00
-3.826242101070929547e+00
-7.336068639235585387e+00
-8.586190935071567054e+00
-1.029326312110005404e+01
-7.287445547363843978e+00
-1.144604882127808843e+01
-4.453475714534448571e+00
7.499578808209772518e-02
5.342978946737312107e+00
9.269737458983099643e+00
6.420408794469762981e+00
5.426272688566635694e+00
3.762921536176887294e+00
8.186315596769802028e-01
-5.430874741639923897e+00
-1.083058242658761650e+01
-3.706188535388138749e+00
-3.156027869560743770e+00
-4.752452443156231610e+00
-1.377075655803380450e+01
-1.053475523014016701e+01
-1.291151752258201313e+01
-1.478075535319479172e+01
-7.766015455237017306e+00
-6.738999391421858220e+00
-7.564655147031533744e-01
2.703630539484692896e+00
4.102600245014841107e+00
5.661045018714048638e+00
6.531717444863026856e+00
9.541799476982458117e+00
5.366763207754205567e+00
6.376756361749574609e+00
1.282787248638390665e+01
5.220979539047911899e+00
7.485028129260230756e+00
1.199981555421407009e+01
4.942254627036747117e+00
1.996451213199785713e+01
1.680062587674573749e+01
1.288412676957149827e+01
8.117477567537076055e+00
7.613492765524567218e+00
6.252742520920897995e+00
-5.886934814374802372e-01
-2.990337068707966672e+00
-8.193364252118566782e+00
-1.444873075436077769e+01
-1.442336810688751214e+01
-1.685917719117169611e+01
-1.668524074206822405e+01
-1.247381247852401742e+01
-1.645909804234669593e+01
-1.489861980876854197e+01
-1.674708569386386259e+01
-7.058267762957370017e+00
-4.783381716762331592e+00
4.254203490998102133e+00
3.568492976593756971e+00
2.177531465748722361e+00
-1.538553151337891833e+00
-4.918485105621758890e+00
2.348937121200185274e-01
-1.557766032603320916e+00
-5.850639232901051479e+00
-3.106748997738812967e-01
4.784691541203109466e+00
9.651110882202168284e+00
9.093815792226617845e+00
1.420300466274458273e+01
1.495831404571482537e+01
1.343240012698070274e+01
1.040852048156235554e+01
7.423057573048421176e+00
4.502588010096388871e+00
5.741678956760933872e-01
6.153278922505307058e+00
2.183515676344270240e+00
-2.136505938794779347e+00
-2.879471282490499107e+00
-1.752581981891233820e+00
-2.784485919083552918e+00
-7.462959194586820111e-01
4.040445386856977628e+00
3.899911098787641528e+00
4.654934781015704459e+00
-1.258804928974096704e+01
-5.822484303443694387e+00
-4.468490621659981343e+00
-3.443415583694220850e+00
-2.845423064808769276e+00
2.831291005205063271e-01
4.439666068133314436e-01
8.972184522067983892e+00
1.105086794792668670e+01
1.302191192140325526e+01
1.018765596557995678e+01
6.660264222004011359e+00
5.324793122623562525e+00
4.956775754602182893e+00
4.720342083789613952e+00
2.584232969603579733e+00
2.890665271356783528e+00
-8.122031031671802737e+00
-2.003802848594200547e+00
-1.978186174919289275e+00
-9.191770046913767089e+00
-6.654682464874262848e+00
-2.851879078537212564e+00
-1.505057891144801374e+01
-5.249573763562761286e+00
-3.352754104565534021e+00
-4.486901925094499255e+00
-1.471931327717706628e+00
2.521055364353010475e+00
3.982670376049009420e+00
5.060996912334758235e+00
-9.805377643382207964e+00
-8.007807711302223908e+00
-1.107910422183266164e+01
-3.893186701317681742e+00
-1.328149617859243037e+01
-8.379789573504954348e+00
-7.879743880344040718e+00
-6.504683800217907041e+00
-2.732408343124170358e+00
-9.383146114026219564e-01
2.265370289265555392e+00
1.425955577945056785e+00
6.724457928951619756e+00
3.596304840356962629e+00
-1.400026607381859467e+00
2.914352108457198387e+00
6.394654060381395055e+00
6.036453217496304369e+00
6.452427119825481228e+00
-6.588317770956875208e-02
7.923739907597658672e+00
4.080676444303030337e+00
4.071472692295006190e+00
-4.997698934536574100e-01
5.833487295137252948e-01
-1.618648245688917520e+00
-5.331062157407923330e+00
-1.248640696719252574e+01
-9.612498910698125343e+00
-1.072439624751102194e+01
-1.399495227961031141e+01
-6.380653792934186441e+00
-3.632650788831140787e+00
-1.192340866899614937e-01
4.770484115896396204e+00
1.287528089535380893e+01
-4.437669151101207632e+00
-5.072168261195804106e-01
1.290817118397664665e+00
-1.887448401691148137e+00
5.513689741764018493e+00
1.152893915619245746e+01
8.820440075192927054e+00
1.254753419749820331e+01
5.276592839343000385e+00
6.213447398376696462e+00
5.445438635362993551e+00
-2.869535527947571829e+00
4.733975191798260873e+00
-5.942183893952242002e-01
-2.562832420241306863e+00
6.210720327681287678e+00
-5.436317908236439678e+00
5.083009096669932170e+00
3.882599666420271767e+00
4.408890441083800127e+00
3.943531786170161091e+00
1.639153978250214916e+00
6.835837463442774542e+00
6.251940903177778175e+00
4.921582724354079730e+00
7.944336835000624042e+00
4.565924628191841528e+00
1.682308589670917343e+00
-1.422738564211647017e+00
-1.584620040562566778e+00
-6.368668862324109448e-01
-8.937565273183633252e+00
-9.878492526490585846e+00
-6.385567832534716715e+00
-3.043305913842743848e+00
-2.935221497179135497e+00
-5.778839626647407357e+00
-3.163952917645897145e+00
-3.264237158652698589e+00
-2.837477446262101743e+00
2.887550193136523724e+00
5.135154445493277819e+00
2.681481637562993292e+00
2.114801838441504600e-01
9.736390998977408895e-01
2.626697994919573453e+00
-8.997140917474277799e-03
1.339978602011626885e+00
3.365511596888462797e+00
-4.043248097476793923e+00
1.252540593096440169e+00
-3.109624101268174901e+00
-5.154888228503280878e+00
-1.545613941199432517e+00
-8.380822200268440714e-01
-2.219545100132310989e+00
1.823484175931168405e+00
3.404592150618908519e+00
3.508812491301791070e+00
-4.413085184564420338e-01
4.674591152546689443e+00
5.845631480531717550e+00
5.948245965982179584e-01
1.596904290792488190e+00
7.099420641585741265e+00
8.317663382174592002e+00
7.077372505120655966e+00
-1.325788601048116355e+00
1.403446311583406825e+00
-3.331224779753956255e+00
-3.078381537704344861e+00
-4.322883009668231580e+00
-1.062048071484023914e+00
-2.485197722173060342e+00
-5.083751650292262170e+00
-1.021576554312271234e+01
-1.590064401795964244e+01
-1.373256124963069880e+01
-1.555571592087684785e+01
-1.519141560605151753e+01
-5.454099187068948140e+00
-5.991464782291670232e+00
-4.002318009511167674e+00
-5.624282129122920360e+00
-1.100047112042470232e+01
-9.272091997940419716e+00
-1.394211001965427243e+01
-1.217459205612418671e+01
-7.981682128508193586e+00
-4.142517581917256386e+00
1.638878747486223197e+00
7.981819407044214998e+00
7.354444581106507783e+00
8.403758772547448075e+00
7.784785110272449238e+00
7.396777752264710237e+00
9.048439106904391238e+00
6.587116066399079983e+00
8.284403457945195726e+00
4.860311627364295006e+00
3.221122209392138114e+00
5.133784764049047489e-01
-5.107982105357486979e-01
1.781062687784467968e+00
1.731152901804727140e+00
4.051888417294451372e+00
3.904745138217127209e+00
1.769249095095281055e+00
-1.965282451369722683e+00
4.121950100115682858e+00
-1.900596011088786508e+00
5.061461671295859333e+00
6.641688505233068085e+00
6.752048626533957432e+00
7.139388250311839101e+00
8.393813665801914681e+00
6.404062790829439855e+00
1.002070220813644141e+01
6.995054701358704108e+00
1.492583754393106865e+00
5.345011156015837095e+00
4.249789319697852008e+00
7.518551926784987849e+00
6.630974449550139482e+00
6.781085009593859958e+00
7.859802058662323176e+00
3.580967674146417146e+00
-1.954884370079054801e+00
-3.102021494414503699e+00
1.840080063510109110e+00
7.025272275196950744e+00
6.356609889860596496e+00
6.302203719350735867e+00
1.153010648152454110e+01
1.371081283837927600e+00
6.871405756794608521e-01
-4.424555279647872652e+00
-1.033044194621934864e-02
-4.176174663471249993e+00
-5.331227557168986664e+00
-3.536007323384363854e+00
-1.060654485342866593e+01
-7.717231886152244869e+00
-8.906006410392539152e+00
-8.916861044030353511e+00
-1.114779292297705737e+01
-2.187864521580217492e+00
-8.539574910673595198e-01
-2.260572022777022294e+00
-5.345961239430002010e+00
-7.472550552340070595e+00
-1.382950271401942999e+01
-1.017992231078306986e+01
-5.511445925400789037e+00
-2.457937730736071469e+00
-2.722801999413721141e+00
-5.080291180459814093e+00
-4.133033599392919477e+00
1.666480378964438902e+00
3.485785838256683089e-01
-1.920802504091252860e+00
8.900217924550799520e-01
1.766159094123618267e-01
-3.912066296201254012e+00
-3.622562792151565958e+00
-2.179231009129616314e-01
-1.272958615930812165e+00
2.691988830764906027e+00
-3.860009017693806777e-01
-2.610100364273469253e+00
5.951709623761989754e+00
3.079330841817149444e+00
1.167977993468511944e+00
6.252375780751129319e-01
-6.714041229123557386e-03
3.811067915635275583e+00
1.141483685079424992e+00
2.818798456411443887e+00
-1.331191331352800100e+00
7.153223453714220526e+00
2.598393924616812178e+00
-6.192348126363110161e+00
-7.663155759262129330e+00
-1.892669422762515818e+00
-9.465858134757465514e-01
-4.002375830631894615e+00
-4.787566465730978216e+00
-2.726313026065955381e+00
-2.304726035762293179e+00
-6.920554948136755868e+00
-3.901774717430861905e+00
-6.673557885740906137e+00
1.300912414817971818e+00
-4.434026806747076499e+00
-2.590799679960348101e+00
2.837797840187839427e+00
2.469196567253356012e+00
5.232977620901810845e+00
1.068657605998236093e+01
1.666574802225690277e+01
2.024818144469742265e+01
2.327274660792751959e+01
1.523481936424180461e+01
1.292400380572046181e+01
4.625653101904601883e+00
-1.594147899440816474e-01
-3.712633357357049135e+00
-5.765834750538928688e+00
-5.736917180701193608e+00
-6.998928206236319838e+00
-1.138699587531902679e+01
-4.748523759441413361e+00
-1.627032649125472474e+01
-4.377233074679621083e+00
-2.436553995300769770e+00
-1.982841470024414576e-01
-7.931799068615502435e+00
2.682018915774448509e+00
3.283957532653217548e+00
-1.113294289203190957e+00
9.008715973235988272e+00
7.593742833135738834e+00
1.313166283650574684e+01
1.273399267969262816e+01
9.816722088234831389e+00
4.375274013803513995e+00
-3.044776481891007247e+00
-7.505445225688077038e+00
-1.018836477093571702e+01
-9.814300515896572819e+00
-2.761622650316924332e+00
3.702706965386923343e+00
-3.641467580605557419e-01
-3.564113284058599174e+00
2.795023991359489202e+00
3.428436871056382618e+00
-1.180415736620187062e+00
-1.016248691710920227e+01
-8.594452342651269561e+00
-5.894852891242050141e+00
-4.844686282378503073e+00
5.204700819732148709e-01
9.683940391632662070e+00
7.437902359925345763e+00
6.777021036539068177e+00
7.599507394581108244e+00
5.815990066533112568e+00
9.191828958726704357e-01
-8.316069481399633645e+00
-1.215903237576421070e+01
-1.255296028738958292e+01
-1.046888691612288014e+01
-8.472339033897075211e+00
-2.252131120493977789e+00
2.655681437963557379e+00
-1.238844046891042883e+00
-1.771985566202326723e+00
1.832824639428410674e+00
-3.503125000155761448e+00
-4.235098057904822966e+00
-1.925675838470415790e+00
1.446197336818105583e+00
7.429089067655462841e+00
1.301668502147598261e+01
1.386549247429348242e+01
1.459956427838154269e+01
1.016480870226689603e+01
1.207074285859731333e+01
4.093428708628297663e+00
4.245267606754593359e+00
-1.460965009963809536e+01
-7.525710440018182013e+00
-2.354336400198630663e+00
-2.076548634564074458e+00
-4.956329034926334920e+00
-2.915405400180531625e+00
-4.973176937076022597e-01
5.523390021402680983e-01
-1.027318736539431177e+00
-2.955342435890331299e+00
-4.266247565095590666e+00
-3.420936283058189087e+00
-1.033260684425043152e+00
1.140838943316282439e+00
3.137041741894337932e+00
8.113292940287990973e+00
3.649267601760048940e+00
3.266406292584524973e+00
5.797641564301679651e+00
3.491063490600039287e+00
6.506290985068566179e+00
1.764879044004971753e+00
-3.007382350504971491e+00
-6.087762337550799430e+00
-3.198921405869894041e+00
-1.069477820987652272e+01
1.202134539876056341e-01
-7.419582434201910992e+00
-1.497051703271728318e+00
-4.227112575537375072e+00
1.102897678756577182e+00
2.885650710483565362e+00
-8.087021172528281454e+00
-3.585523444386972347e+00
-1.440686144472191899e-02
5.924742106581446066e+00
5.349859779473868038e+00
-1.096115871183243051e+00
2.607667092864194736e+00
1.929478803509263596e+00
5.565964407160771010e+00
7.478016428066695198e+00
9.978086062356496200e+00
1.958939265300629451e+00
-4.108255164864156761e+00
-1.649870239576306963e+00
-3.415422431535409586e+00
-5.683558102117455491e+00
-1.049111215020254662e+01
-8.687023216380808321e+00
2.999423485432746617e+00
-4.161863834669434326e+00
-1.332313782462563712e+00
-1.635897202406884299e+00
-4.335024739108098046e+00
-4.387148430759829409e+00
-1.760683150366839200e+00
-1.246314809814774272e+00
2.728403972450395010e+00
9.211956832407571127e+00
4.734408873754953007e+00
9.312157420861533197e+00
1.587136857589195316e-01
-1.286688165699828357e+00
-2.419250431918318345e+00
-6.499148978201462867e+00
-5.305462498270477667e+00
-3.626886120229164234e+00
-4.369446109374745646e+00
-7.349077604603388991e+00
-1.090823803329046626e+01
-3.366249492754487260e+00
1.003807470454223250e+00
-2.238707742543673440e+00
-5.528344991034203737e+00
-8.893753513132529598e-01
-6.377986884831242875e+00
-1.808275738729057558e+00
1.046486066426541406e+00
6.541089473024097600e+00
5.741949732189802091e+00
7.105908518757259706e+00
8.078602743171721556e+00
6.180737163827362934e+00
5.767892678045112298e+00
-1.008555744345518868e+00
-3.588528890631152102e+00
-3.892573229709825000e+00
-5.588117201332128303e+00
-5.632852002472676922e-01
2.213716847611507887e+00
-9.089346492765404406e+00
-3.663762632425821231e+00
1.163881197348342056e-01
-3.843026843226291511e-01
3.542016509607795349e+00
3.696534812089075750e+00
7.278229569899766105e+00
8.456098592907739686e+00
8.664164309134211095e+00
1.147203460854965762e+01
1.463730494058503240e+01
9.143172498485977684e+00
6.357395842722482371e+00
9.029558714512205597e+00
9.176652262401361781e+00
6.566470136522784884e+00
8.976329482249317593e+00
-3.732452387905014213e+00
-3.216548033655142191e-01
-5.781987936295069908e+00
-8.720144065417446910e+00
-8.351421314504481330e+00
-3.790089854319343310e+00
-1.072497889724884468e+00
-4.197302553876385289e+00
-2.455428201488499607e+00
1.925752157220446348e+00
-8.042844553437094035e-01
9.360925648037241587e-01
-3.928991506115082633e-01
-6.353238769257126606e+00
-1.494954374332982949e+00
-7.039193951016784467e-01
5.341543736637199835e+00
1.747836355736418934e+00
3.303215095539815405e+00
6.727862047013416280e+00
1.150118327213026426e+00
-3.417479676920917253e+00
-1.375823220310397499e+00
-1.100123340909560099e+00
-1.585390716710495695e+00
-2.636134716727373650e+00
-2.698610130699583998e+00
-8.682515662418747171e-01
-3.219698388163491742e+00
-3.100359213300698080e+00
-1.351923498967932957e+00
-6.930299869188736306e-01
-1.865952041997167132e+00
-2.916548584540136879e+00
5.226462243988034828e+00
2.927148445871448068e-01
7.700522130497096107e+00
6.841542019253367357e+00
-4.218494355449554867e+00
-5.773791476828212588e+00
-7.727068259332584788e+00
-4.366427327062687880e+00
-4.063096929581714534e+00
-4.825169605346745882e+00
-2.528435308712825957e+00
-2.947932342764481906e+00
-4.761655557819704399e+00
-4.842701478417994920e+00
-7.209118249391264222e+00
-7.750038971581851399e+00
-8.919098342355848530e+00
-3.722355535130753346e+00
-2.379220303367785228e+00
-5.419039491198109459e+00
-3.457090655177954552e-01
2.234924748810825257e+00
7.014764694094004938e+00
6.120304731447431479e+00
5.497335728805300192e+00
7.323924258459651782e+00
1.198158156874934832e+01
-1.523741484553839953e-01
1.584759252640457250e+00
-4.281048283787751707e+00
-1.651989680748088274e+00
-3.281934948342534852e+00
-2.555232427101266524e+00
-1.554952577296128124e+00
-9.184900718015597931e+00
-7.235888531470646257e+00
-3.460270043206781665e+00
-2.303780330373693452e+00
-5.289316102447672030e-01
1.719488812818216639e+00
1.644169751497702725e+00
5.166608930164947822e+00
2.308721428346024229e+00
7.967955436088939081e+00
1.130130734559430650e+01
1.332019809316076575e+01
6.375521390677838518e-01
8.540117644222203097e+00
4.834543276620827612e+00
2.831650337499393544e+00
3.703844136385656682e-01
4.261166727695024914e-01
-6.852686715683843133e+00
-5.822547347135434315e+00
-9.882825548519612369e+00
-1.092471178124767306e+01
-1.057066682208709985e+01
-9.125133221585841170e+00
-6.033100946680599819e+00
-5.594064867079250547e+00
-5.141634934068460616e+00
-2.484259852413565284e+00
-1.610263427731555730e+00
-3.123910884123797249e+00
3.692413342025365974e+00
6.265198721273430138e+00
7.224719290908586444e+00
9.104720772177792298e+00
9.429972739626720113e+00
7.977226499376201652e+00
1.209029284671599669e+01
9.014391967308267084e+00
9.694559537799745996e+00
7.564729251276587796e+00
6.266049050680348564e+00
8.096241573753676590e+00
4.980574644601261092e-01
-5.677942284063808742e+00
-8.108582658125720322e-01
2.159904719384495131e+00
6.248709131749257129e-01
5.121012795537778217e-01
-6.239969674831176150e+00
5.996127124962267629e+00
-1.258233579312658179e+01
-2.269140937537326153e-01
6.401510874919024374e+00
6.725462360297272291e+00
1.181950548230606834e+01
1.399234674408284818e+01
1.655169991206275171e+01
1.367715370982410406e+01
1.016294707778323492e+01
7.874517941952939637e+00
1.552916135511027917e+00
-5.375165728400192577e+00
-1.129366417360686548e+01
-1.449101737854133631e+01
-1.126546139923386392e+01
-7.133803230355530545e+00
-7.189819276607765985e+00
-4.369053175589387550e+00
-1.090493528374274490e+01
-7.232705710122562692e+00
-1.393503037716991422e+01
-1.307238483771748605e+01
-7.720499461626375570e+00
-3.944464684547511091e+00
-4.770550240040642542e+00
-1.009719388034494791e+00
3.124761518079663070e+00
4.087182422217333411e+00
4.192853282238008461e+00
3.901128933232414830e+00
1.955152829970545625e-01
-1.789754340808063393e+00
-3.862011075333764865e+00
-7.696548840198449426e+00
-6.486460239190111388e+00
-1.277886444061154592e+01
-1.265218591786343794e+01
-1.029253711381015712e+01
-6.867612426563071359e+00
-2.739786859666818231e+00
1.181435890356905549e+00
-1.289923577663740328e+00
-5.344083431339650581e+00
-3.924063197989377194e+00
1.386343534019226720e+00
-1.810667854172112179e+00
8.247049492447167118e-01
4.385982136582317281e+00
3.035278389147478606e+00
4.351714552905591837e+00
7.028284897741146064e-01
3.738677549662932975e+00
5.716384364692684628e+00
6.910399081344800187e+00
4.284870282419674936e+00
2.989464333336499635e+00
1.784616480253860882e+00
3.175754408677623708e+00
3.070084649113560271e+00
3.393072986514666933e+00
3.281354321826422726e+00
1.003173085246461937e+01
6.631606403845754727e+00
9.743665009198453575e+00
8.396137213321079429e+00
3.613845942609646755e+00
4.251362810756279309e+00
1.792323997496776400e-01
2.050130423518575995e+00
3.955427755437070481e+00
1.410712464249228137e+00
7.260356873518894361e+00
-2.412180323218647171e+00
3.967810601566344353e+00
3.536750340696958705e+00
-3.638238050463910245e+00
6.055860203396496999e-01
1.335597040822155579e+00
-3.883119557085636053e+00
1.929053441912850442e+00
2.838579263581400891e+00
2.824493118674362258e+00
-2.474990702708781409e+00
-3.477720603168853231e+00
6.054827411943239923e+00
-4.181195528458200528e+00
-8.510107477134230436e+00
-5.005162750616065637e+00
-2.683759066589169073e+00
-2.644687308610150112e+00
-9.244400842092071358e+00
-5.014932913844837081e+00
-7.793682333596225753e-01
-4.414129356801689497e+00
3.548361946049186644e-01
1.297647588807184338e+00
5.358275474726375442e+00
1.723529195107295964e+00
-8.627787471364274374e-01
-9.195027532167115325e+00
-8.579429997941574015e+00
-9.497916406525490629e+00
-7.465662222036050011e+00
-5.118520361835145138e+00
-2.699759217006654666e+00
-3.465260879659005866e+00
6.411729569748250590e+00
-4.428923525953118556e+00
3.110689789380448378e+00
4.597565771626248576e+00
2.550891736431908363e-01
3.695546446437274479e+00
4.927012584935078543e+00
8.069546536729360398e+00
1.180560705414388423e+01
1.319756475370660809e+01
1.127541814131791220e+01
1.072085431424093471e+01
8.624531502160055041e+00
5.471143071312619455e+00
-5.639088383623056089e+00
-5.627211714351938454e-01
-4.724070938348152282e+00
-6.114589963003501438e+00
-3.505519550105443471e+00
-1.741986173617298128e+00
-6.848914919244442068e-02
-4.131188098102064110e+00
-2.345781645838655560e+00
-4.060080305357224972e+00
-2.867051879327550346e+00
-3.392270126043365863e+00
-4.790162077806319196e+00
2.222555086404367497e-01
8.010474277268395227e+00
1.947765227635326335e+00
4.528130898139872684e+00
-8.120085126865907554e+00
-4.603280627349464638e+00
-2.275132038249913169e+00
-6.963623983588317579e+00
-7.817701637610763754e+00
-1.008367890759878271e+01
-1.014653008088162345e+01
-9.412779084700192200e+00
-1.430081391672694302e+01
-9.764326150622546052e+00
-1.549470472840453361e+00
1.930081099339902018e-01
3.345908608622869096e+00
-2.167565127433014993e+00
6.791770356125200081e+00
-3.337374473470334113e+00
2.663277571556120993e+00
6.039205274999511985e+00
1.144189572286411405e+01
1.480392440759008821e+01
1.165205307734956897e+01
5.926395621439234596e+00
2.503761793445375972e+00
7.862939719938531802e+00
2.516058770128648536e-01
6.779990904937625018e-01
5.380318939367203512e+00
4.282887854089501012e+00
-4.743567859663863295e+00
-2.249645212418061924e+00
-5.013252479406875572e+00
-4.338401478530732547e+00
-3.003217666420188614e+00
-1.694828879734064486e+00
1.095516407070207254e+00
2.109446670451022410e+00
-3.421530981154937034e+00
6.151166273189605960e+00
-4.353285353989054585e+00
6.042444229917489196e+00
3.480176637145875773e+00
2.172565237963881124e+00
2.793121770428164119e+00
-5.639577899207917966e+00
-1.130858514860414132e+01
-1.045276267281428417e+00
-5.218304439925011806e+00
-1.076430027077817098e+00
-5.947245541841628125e-01
-2.378912551162682298e+00
3.421866741613743823e-01
-3.422992612775515475e+00
-5.961654628066251682e+00
3.034172886031116789e-02
5.267141154703240069e+00
6.976170518890251415e+00
6.372182574198673954e+00
2.924879366627370025e+00
2.984162352100554472e-01
2.943856365800975983e+00
9.230033655980857787e+00
1.938738112001035319e+01
1.680461396913357675e+01
1.344298597529632389e+01
1.188771989626359371e+01
1.049679524722866120e+01
3.047483071753166683e+00
3.708290349213918091e+00
-6.666778047298103083e-01
4.412298313860274490e-01
8.220093651258670864e-01
-3.011281998297644869e+00
-1.116483995811670793e+00
-3.633082537549250368e+00
-3.887976350015095672e+00
-7.773135467582290126e+00
-9.099119780727932039e+00
-7.636401468654743674e+00
-9.422473629735122813e+00
-4.886639951922870040e+00
-9.294446142698422619e+00
-7.787661775061256009e+00
-6.565872889660693268e-01
-1.838534552377232956e+00
-5.421320152872435294e-01
-1.198302971590239130e+00
-3.059038704686656729e+00
2.068591572903122344e+00
-2.670455990377111455e+00
-8.776452822650217200e+00
-1.186905425065902442e+01
-9.141790698974901375e+00
-1.094018957337114095e+01
-2.567467299274311721e+00
-3.337656422119490873e+00
-2.286829097425354007e+00
-3.885872224884841408e+00
-8.249083648729033769e+00
-8.443135955842640428e+00
-2.424511339076143024e+00
-5.203540316112982289e-01
-3.961108809656871621e+00
-4.713224785251419746e+00
1.882789313664906317e+00
8.757352098132411555e+00
1.219170702541695306e+01
1.232998756362861315e+01
1.522318565869301565e+01
9.901592803999198722e+00
5.662929646273747508e+00
-2.606772474317825328e+00
-4.809687012590929456e+00
-7.627024329987500906e+00
-5.980029468678261573e+00
-1.191788933173259935e+01
-1.360238581836691196e+01
-1.054461421806520782e+01
-7.323956123402746599e+00
-4.839723183678721341e+00
-6.040142489783853819e+00
2.919041601089809035e-01
1.324047635548790680e-01
2.446835936802636002e+00
3.326322370111798321e+00
1.006967568528809487e+01
1.626453170055263442e+01
1.259271147161682691e+01
1.790258841951648705e+01
1.797455139282651260e+01
1.612419027729750809e+01
1.974370151487187997e+01
6.182057596014795209e+00
7.058344857953954943e+00
6.789678105781651318e-01
-5.976625644812536553e-01
-1.334769712949113085e+01
-3.445317264727842499e+00
6.723103633009452906e-02
-5.203433236602307943e+00
-6.256926099719693823e+00
-4.137734804553194756e+00
-3.778182026915510860e-01
6.038000194656514275e-01
-2.653076304458911405e+00
-1.080435188230354449e+00
-1.313421288653216834e+00
3.870243676285772594e+00
8.606670207240075143e+00
1.216999621592131575e+01
1.254389110435003651e+01
1.395988375484408728e+01
1.085569470782754387e+01
-7.543252321595019794e-01
7.694766820735026158e+00
-1.015142252613856710e+00
-4.598727795647914007e+00
-6.677176734017701065e+00
-5.303699290180809101e+00
-1.531777651410065033e+01
-1.017311983990830448e+01
-1.581126323511865550e+01
-1.153239391387149659e+01
-1.430755947793242377e+01
-1.309523639416743457e+01
-6.673769069843862312e+00
-2.790342881292159571e+00
-6.423843188792174308e-01
6.791131882416221455e-01
3.672226031631744103e+00
3.054661295119043274e+00
2.142645592661820420e+00
1.015796234918714180e+00
-1.106529714031331046e+00
-3.907923747312675111e+00
8.577587847658907361e-01
1.862442330007368474e+00
-2.149546601565811343e+00
-5.414821410586461159e-01
-7.743035671181290880e+00
-2.280754506036763551e+00
-1.351440398232066187e+00
-4.161624934929690767e+00
-3.059459067801080234e+00
1.370256479438238362e+00
4.787431807540533768e+00
5.646865864230319332e+00
5.532910484860180667e+00
3.172349565793269655e+00
1.723846665803121958e+00
4.253372403737049723e+00
1.603980164758367355e-01
4.756864926087951417e+00
4.937485440262360470e+00
3.544161192940151306e+00
5.248112270149553282e+00
6.093302407190970271e+00
-5.680364715581934121e+00
1.234215248431833167e+00
-1.580660635511337286e+00
-5.221884032074544102e+00
7.252466819763760952e-01
-7.651242024115113338e+00
4.374541246701056707e+00
-5.009276409957699627e+00
1.430318158436927334e-01
2.190989694455236503e+00
5.465066192580137816e+00
4.258186192015125382e-01
4.760605114276185823e+00
4.482769024877360842e+00
-1.954543675459428087e+00
2.568505858360964123e+00
4.183799216698671941e+00
-3.281570046103602589e+00
3.413750089717465297e+00
-4.265783565566017010e-01
2.942748421945027282e-01
1.131015995593777745e+01
3.705313628864756570e+00
6.542837662984595681e+00
-7.490350695605720865e-01
1.015636661230668913e+01
6.282190895207377501e+00
-1.633003287212650179e+01
4.787008129211742791e+00
-2.882300223686967655e+01
-1.242565869885796559e+01
-1.631260212455849157e+01
-2.025106619096202820e+00
9.693367687293861223e+00
5.269046278330606903e+00
6.062525902150876611e+00
1.402741170633913015e+01
-7.733872409528266267e+00
2.200563435465015871e+00
-8.245435869360797199e+00
4.619451272681940779e+00
1.039866017877964843e+00
8.596214904203035800e+00
-4.604864808506765606e+00
2.966647187491504134e+00
-4.329679556742842550e+00
-9.965117043577844669e-01
5.203841023545099365e-01
-4.687088151491991539e+00
-5.890612873859342180e+00
-3.188517117916394916e+00
-2.614082628281089615e+00
-9.428812780900262425e+00
-2.854535744209527603e+00
-1.556690704888271437e+00
-1.133676436056295955e+01
-1.640027422806331003e+01
-5.882406964421968532e+00
1.542733593773923939e-01
-4.854448016394752319e-01
-3.846917503274796868e+00
-5.593302999327198322e+00
-4.598182953415999918e+00
6.235530099309130492e+00
6.648941966345874199e+00
4.749437149189456697e+00
